17
     57.650    216.202     46410
     55.293    211.491     46409
     49.662    190.100     46408
     52.665    203.053     46403
     51.020    195.929     46402
     48.796    230.381     46419
     42.682    231.168     46407
     39.333    232.933     46411
     56.898    205.752     101
     56.880    205.800     7101
     56.894    205.755     8101
     57.732    207.488     801
     57.732    207.520     7801
     60.119    210.573     201
     59.548    220.265     601
     59.560    220.200     7601
     54.200    226.900     901
